0 282.362
1 273.877
2 283.167
3 392.154
4 339.169
5 294.187
6 568.415
7 436.412
8 500.131
9 280.193
10 404.284
11 272.086
12 307.046
13 271.853
14 280.106
15 296.541
16 291.647
17 296.911
18 288.776
19 273.325
20 249.813
21 252.647
22 264.148
23 255.246
24 280.855
25 274.223
26 299.999
27 360.718
28 427.205
29 256.678
30 255.791
31 256.396
32 243.120
33 267.384
34 310.689
35 272.285
36 271.359
37 256.125
38 296.261
39 419.589
40 257.131
41 257.816
42 285.500
43 575.525
44 261.697
45 260.160
46 289.704
47 405.871
48 279.060
49 319.347