0 287.888
1 357.973
2 272.265
3 266.725
4 438.812
5 404.099
6 353.927
7 308.886
8 274.964
9 269.869
10 283.521
11 454.416
12 276.489
13 376.804
14 355.622
15 281.223
16 556.852
17 514.807
18 312.316
19 442.468
20 382.735
21 343.406
22 258.108
23 275.665
24 263.954
25 320.844
26 278.858
27 396.885
28 262.820
29 312.971
30 588.389
31 394.107
32 274.236
33 456.884
34 418.379
35 366.086
36 321.115
37 275.655
38 554.230
39 512.947
40 311.459
41 288.822
42 379.955
43 262.805
44 301.381
45 579.673
46 454.193
47 270.983
48 450.619
49 408.437