0 40.245
1 56.016
2 56.472
3 49.091
4 48.014
5 51.149
6 67.643
7 87.973
8 56.611
9 62.663
10 53.795
11 49.241
12 62.359
13 62.922
14 104.518
15 243.857
16 312.177
17 377.178
18 313.247
19 174.866
20 193.817
21 166.955
22 137.298
23 194.300
24 211.749
25 182.778
26 192.877
27 303.120
28 163.030
29 118.316
30 118.860
31 359.389
32 56.493
33 270.458
34 177.930
35 268.898
36 339.911
37 251.830
38 202.883
39 79.732
40 256.497
41 177.767
42 117.730
43 259.859
44 227.917
45 246.691
46 136.901
47 54.556
48 66.923
49 52.753