1 3.745 1.728 1.719
2 2.002 1.982 1.857
3 1.496 1.516 1.392
4 2.352 2.117 1.967
5 2.294 2.244 2.097
6 11.024 11.079 11.276
7 14.269 13.052 32.977
8 14.925 14.157 14.454
9 14.378 15.043 14.893
10 202.760 200.791 417.293
11 186.686 192.797 91.670
12 189.856 189.820 195.165
13 203.502 194.156 198.156
14 321.256 185.991 366.728
15 0 0 0
16 447.870 378.893 398.789
17 0 0 0
18 0 0 0
19 0 0 0
20 0 0 0
21 0 0 0
22 0 0 0
23 0 0 0
24 0 0 0
25 0 0 0
26 0 0 0
27 0 0 0
28 0 0 0
29 0 0 0
30 0 0 0
31 0 0 0
32 0 0 0
33 0 0 0
34 0 0 0
35 0 0 0
36 0 0 0
37 0 0 0
38 0 0 0
39 0 0 0
40 0 0 0
41 0 0 0
42 0 0 0
43 0 0 0
44 0 0 0
45 0 0 0
46 0 0 0
47 0 0 0
48 0 0 0
49 0 0 0
50 0 0 0
51 0 0 0
52 0 0 0
53 0 0 0
54 0 0 0
55 0 0 0
56 0 0 0
57 0 0 0
58 0 0 0
59 0 0 0
60 0 0 0
61 0 0 0
62 0 0 0
63 0 0 0
64 0 0 0