1 3.423 1.350 8.656
2 191.139 30.313 53.052
3 41.088 55.775 36.683
4 44.559 45.461 41.538
5 49.569 44.150 54.479
6 41.820 33.206 46.543
7 37.632 31.565 30.128
8 56.210 54.138 42.375
9 58.662 55.826 52.251
10 237.852 241.027 214.783
11 262.646 219.707 238.720
12 264.049 479.825 546.445
13 429.022 279.869 324.459
14 319.773 329.379 360.330
15 0 0 0
16 0 0 0
17 0 0 0
18 0 0 0
19 0 0 0
20 0 0 0
21 0 0 0
22 0 0 0
23 0 0 0
24 0 0 0
25 0 0 0
26 0 0 0
27 0 0 0
28 0 0 0
29 0 0 0
30 0 0 0
31 0 0 0
32 0 0 0
33 0 0 0
34 0 0 0
35 0 0 0
36 0 0 0
37 0 0 0
38 0 0 0
39 0 0 0
40 0 0 0
41 0 0 0
42 0 0 0
43 0 0 0
44 0 0 0
45 0 0 0
46 0 0 0
47 0 0 0
48 0 0 0
49 0 0 0
50 0 0 0
51 0 0 0
52 0 0 0
53 0 0 0
54 0 0 0
55 0 0 0
56 0 0 0
57 0 0 0
58 0 0 0
59 0 0 0
60 0 0 0
61 0 0 0
62 0 0 0
63 0 0 0
64 0 0 0