0 254.985
1 263.013
2 304.119
3 346.353
4 384.366
5 426.551
6 461.989
7 292.356
8 331.003
9 255.463
10 410.066
11 449.963
12 279.615
13 255.297
14 361.678
15 400.943
16 440.162
17 274.388
18 255.655
19 349.062
20 401.461
21 427.497
22 257.398
23 301.636
24 335.954
25 584.090
26 419.819
27 458.532
28 288.741
29 328.062
30 367.364
31 406.559
32 445.722
33 276.526
34 524.204
35 462.789
36 290.842
37 330.592
38 368.844
39 408.639
40 449.174
41 284.229
42 323.000
43 571.266
44 401.831
45 440.785
46 271.057
47 310.151
48 255.662
49 388.521