0 427.825
1 255.598
2 297.415
3 255.219
4 254.195
5 254.081
6 254.610
7 254.419
8 254.459
9 256.796
10 428.328
11 254.578
12 280.644
13 343.083
14 254.890
15 254.915
16 255.161
17 255.199
18 254.189
19 389.194
20 427.493
21 305.824
22 254.306
23 255.247
24 277.559
25 254.453
26 254.050
27 254.281
28 254.543
29 255.044
30 311.019
31 254.257
32 254.058
33 263.654
34 254.702
35 255.265
36 254.270
37 254.499
38 254.317
39 254.455
40 254.853
41 254.307
42 254.287
43 254.066
44 254.763
45 254.496
46 254.430
47 254.176
48 254.255
49 255.098